remote_fib remote_dur_ms local_fib local_dur_ms err_pct
29 9 33 9.19 2.1
30 11 33 9.19 -16.5
31 13 34 12.86 -1.1
32 16 34 12.86 -19.7
33 17 34 12.86 -24.4
34 23 35 24.80 7.8
35 34 36 33.75 -0.7
36 52 37 66.53 27.9
37 81 38 89.46 10.4
38 126 38 89.46 -29.0
39 209 40 237.88 13.8
40 218 40 237.88 9.1
41 353 41 458.04 29.8
42 531 41 458.04 -13.7
43 931 43 1180.64 26.8
44 1391 43 1180.64 -15.1
45 2454 45 3011.90 22.7
46 3654 45 3011.90 -17.6
47 6422 47 7665.86 19.4
48 9605 47 7665.86 -20.2
49 16687 49 19516.71 17.0
50 25280 49 19516.71 -22.8
51 43169 51 49812.27 15.4
52 66502 51 49812.27 -25.1
